     #Energy   up_Fe_dz2   dw_Fe_dz2
   -21.63031     0.00000     0.00000
   -21.61631     0.00000     0.00000
   -21.60331     0.00000     0.00000
   -21.58931     0.00000     0.00000
   -21.57631     0.00000     0.00000
   -21.56231     0.00000     0.00000
   -21.54931     0.00000     0.00000
   -21.53631     0.00000     0.00000
   -21.52231     0.00000     0.00000
   -21.50931     0.00000     0.00000
   -21.49531     0.00000     0.00000
   -21.48231     0.00000     0.00000
   -21.46831     0.00000     0.00000
   -21.45531     0.00000     0.00000
   -21.44131     0.00000     0.00000
   -21.42831     0.00000     0.00000
   -21.41431     0.00000     0.00000
   -21.40131     0.00000     0.00000
   -21.38831     0.00000     0.00000
   -21.37431     0.00000     0.00000
   -21.36131     0.00000     0.00000
   -21.34731     0.00000     0.00000
   -21.33431     0.00000     0.00000
   -21.32031     0.00000     0.00000
   -21.30731     0.00000     0.00000
   -21.29331     0.00000     0.00000
   -21.28031     0.00000     0.00000
   -21.26631     0.00000     0.00000
   -21.25331     0.00000     0.00000
   -21.23931     0.00000     0.00000
   -21.22631     0.00000     0.00000
   -21.21331     0.00000     0.00000
   -21.19931     0.00000     0.00000
   -21.18631     0.00000     0.00000
   -21.17231     0.00000     0.00000
   -21.15931     0.00000     0.00000
   -21.14531     0.00000     0.00000
   -21.13231     0.00000     0.00000
   -21.11831     0.00000     0.00000
   -21.10531     0.00000     0.00000
   -21.09131     0.00000     0.00000
   -21.07831     0.00000     0.00000
   -21.06431     0.00000     0.00000
   -21.05131     0.00000     0.00000
   -21.03831     0.00000     0.00000
   -21.02431     0.00000     0.00000
   -21.01131     0.00000     0.00000
   -20.99731     0.00000     0.00000
   -20.98431     0.00000     0.00000
   -20.97031     0.00000     0.00000
   -20.95731     0.00000     0.00000
   -20.94331     0.00000     0.00000
   -20.93031     0.00000     0.00000
   -20.91631     0.00000     0.00000
   -20.90331     0.00000     0.00000
   -20.88931     0.00000     0.00000
   -20.87631     0.00000     0.00000
   -20.86331     0.00000     0.00000
   -20.84931     0.00000     0.00000
   -20.83631     0.00000     0.00000
   -20.82231     0.00000     0.00000
   -20.80931     0.00000     0.00000
   -20.79531     0.00000     0.00000
   -20.78231     0.00000     0.00000
   -20.76831     0.00000     0.00000
   -20.75531     0.00000     0.00000
   -20.74131     0.00000     0.00000
   -20.72831     0.00000     0.00000
   -20.71531     0.00000     0.00000
   -20.70131     0.00000     0.00000
   -20.68831     0.00000     0.00000
   -20.67431     0.00000     0.00000
   -20.66131     0.00000     0.00000
   -20.64731     0.00000     0.00000
   -20.63431     0.00000     0.00000
   -20.62031     0.00000     0.00000
   -20.60731     0.00000     0.00000
   -20.59331     0.00000     0.00000
   -20.58031     0.00000    -0.00000
   -20.56631     0.00000    -0.00000
   -20.55331     0.00000    -0.00000
   -20.54031     0.00000    -0.00000
   -20.52631     0.00000    -0.00000
   -20.51331     0.00000    -0.00000
   -20.49931     0.00000    -0.00000
   -20.48631     0.00001    -0.00002
   -20.47231     0.00011    -0.00020
   -20.45931     0.00089    -0.00133
   -20.44531     0.00473    -0.00611
   -20.43231     0.01696    -0.01898
   -20.41831     0.04115    -0.03992
   -20.40531     0.06763    -0.05686
   -20.39131     0.07529    -0.05489
   -20.37831     0.05679    -0.03589
   -20.36531     0.02902    -0.01590
   -20.35131     0.01004    -0.00477
   -20.33831     0.00235    -0.00097
   -20.32431     0.00037    -0.00013
   -20.31131     0.00004    -0.00001
   -20.29731     0.00000    -0.00000
   -20.28431     0.00000    -0.00000
   -20.27031     0.00000    -0.00000
   -20.25731     0.00000    -0.00000
   -20.24331     0.00000    -0.00000
   -20.23031     0.00000    -0.00000
   -20.21631     0.00000    -0.00000
   -20.20331     0.00000    -0.00000
   -20.19031     0.00000    -0.00000
   -20.17631     0.00000    -0.00000
   -20.16331     0.00000    -0.00000
   -20.14931     0.00000    -0.00000
   -20.13631     0.00000    -0.00000
   -20.12231     0.00000    -0.00000
   -20.10931     0.00000    -0.00000
   -20.09531     0.00000    -0.00000
   -20.08231     0.00000    -0.00000
   -20.06831     0.00000    -0.00000
   -20.05531     0.00000    -0.00000
   -20.04231     0.00000    -0.00000
   -20.02831     0.00000    -0.00000
   -20.01531     0.00000    -0.00000
   -20.00131     0.00000    -0.00000
   -19.98831     0.00000    -0.00000
   -19.97431     0.00000    -0.00000
   -19.96131     0.00000    -0.00000
   -19.94731     0.00000    -0.00000
   -19.93431     0.00000    -0.00000
   -19.92031     0.00000    -0.00000
   -19.90731     0.00000    -0.00000
   -19.89331     0.00000    -0.00000
   -19.88031     0.00000    -0.00000
   -19.86731     0.00000    -0.00000
   -19.85331     0.00000    -0.00000
   -19.84031     0.00000    -0.00000
   -19.82631     0.00000    -0.00000
   -19.81331     0.00000    -0.00000
   -19.79931     0.00000    -0.00000
   -19.78631     0.00000    -0.00000
   -19.77231     0.00000    -0.00000
   -19.75931     0.00000    -0.00000
   -19.74531     0.00000    -0.00000
   -19.73231     0.00000    -0.00000
   -19.71831     0.00000    -0.00000
   -19.70531     0.00000    -0.00000
   -19.69231     0.00000    -0.00000
   -19.67831     0.00000    -0.00000
   -19.66531     0.00000    -0.00000
   -19.65131     0.00000     0.00000
   -19.63831     0.00000     0.00000
   -19.62431     0.00000     0.00000
   -19.61131     0.00000     0.00000
   -19.59731     0.00000     0.00000
   -19.58431     0.00000     0.00000
   -19.57031     0.00000     0.00000
   -19.55731     0.00000    -0.00000
   -19.54431     0.00000    -0.00000
   -19.53031     0.00000    -0.00000
   -19.51731     0.00000    -0.00000
   -19.50331     0.00000    -0.00000
   -19.49031     0.00000    -0.00000
   -19.47631     0.00000    -0.00000
   -19.46331     0.00000    -0.00000
   -19.44931     0.00000    -0.00000
   -19.43631     0.00000    -0.00000
   -19.42231     0.00000    -0.00000
   -19.40931     0.00000    -0.00000
   -19.39531     0.00000    -0.00000
   -19.38231     0.00000    -0.00000
   -19.36931     0.00000    -0.00000
   -19.35531     0.00000    -0.00000
   -19.34231     0.00000    -0.00000
   -19.32831     0.00000    -0.00000
   -19.31531     0.00000    -0.00000
   -19.30131     0.00000    -0.00000
   -19.28831     0.00000    -0.00000
   -19.27431     0.00000    -0.00000
   -19.26131     0.00000    -0.00000
   -19.24731     0.00000    -0.00000
   -19.23431     0.00000    -0.00000
   -19.22031     0.00000    -0.00000
   -19.20731     0.00000    -0.00000
   -19.19431     0.00000    -0.00000
   -19.18031     0.00000     0.00000
   -19.16731     0.00000     0.00000
   -19.15331     0.00000     0.00000
   -19.14031     0.00000     0.00000
   -19.12631     0.00000     0.00000
   -19.11331     0.00000     0.00000
   -19.09931     0.00000     0.00000
   -19.08631     0.00000     0.00000
   -19.07231     0.00000     0.00000
   -19.05931     0.00000     0.00000
   -19.04531     0.00000     0.00000
   -19.03231     0.00000     0.00000
   -19.01931     0.00000     0.00000
   -19.00531     0.00000     0.00000
   -18.99231     0.00000     0.00000
   -18.97831     0.00000     0.00000
   -18.96531     0.00000     0.00000
   -18.95131     0.00000     0.00000
   -18.93831     0.00000     0.00000
   -18.92431     0.00000     0.00000
   -18.91131     0.00000     0.00000
   -18.89731     0.00000     0.00000
   -18.88431     0.00000     0.00000
   -18.87131     0.00000     0.00000
   -18.85731     0.00000     0.00000
   -18.84431     0.00000     0.00000
   -18.83031     0.00000     0.00000
   -18.81731     0.00000     0.00000
   -18.80331     0.00000     0.00000
   -18.79031     0.00000     0.00000
   -18.77631     0.00000     0.00000
   -18.76331     0.00000     0.00000
   -18.74931     0.00000     0.00000
   -18.73631     0.00000     0.00000
   -18.72231     0.00000     0.00000
   -18.70931     0.00000     0.00000
   -18.69631     0.00000     0.00000
   -18.68231     0.00000     0.00000
   -18.66931     0.00000     0.00000
   -18.65531     0.00000     0.00000
   -18.64231     0.00000     0.00000
   -18.62831     0.00000     0.00000
   -18.61531     0.00000     0.00000
   -18.60131     0.00000     0.00000
   -18.58831     0.00000     0.00000
   -18.57431     0.00000     0.00000
   -18.56131     0.00000     0.00000
   -18.54731     0.00000     0.00000
   -18.53431     0.00000     0.00000
   -18.52131     0.00000     0.00000
   -18.50731     0.00000     0.00000
   -18.49431     0.00000     0.00000
   -18.48031     0.00000     0.00000
   -18.46731     0.00000     0.00000
   -18.45331     0.00000     0.00000
   -18.44031     0.00000     0.00000
   -18.42631     0.00000     0.00000
   -18.41331     0.00000    -0.00000
   -18.39931     0.00000    -0.00000
   -18.38631     0.00000    -0.00000
   -18.37231     0.00000    -0.00000
   -18.35931     0.00000    -0.00000
   -18.34631     0.00000    -0.00000
   -18.33231     0.00000    -0.00000
   -18.31931     0.00000    -0.00000
   -18.30531     0.00003    -0.00002
   -18.29231     0.00020    -0.00013
   -18.27831     0.00090    -0.00059
   -18.26531     0.00281    -0.00185
   -18.25131     0.00594    -0.00393
   -18.23831     0.00850    -0.00566
   -18.22431     0.00825    -0.00552
   -18.21131     0.00542    -0.00364
   -18.19831     0.00241    -0.00163
   -18.18431     0.00073    -0.00049
   -18.17131     0.00015    -0.00010
   -18.15731     0.00002    -0.00001
   -18.14431     0.00000    -0.00000
   -18.13031     0.00000    -0.00000
   -18.11731     0.00000    -0.00000
   -18.10331     0.00000    -0.00000
   -18.09031     0.00000    -0.00000
   -18.07631     0.00000    -0.00000
   -18.06331     0.00000    -0.00000
   -18.04931     0.00000     0.00000
   -18.03631     0.00000     0.00000
   -18.02331     0.00000     0.00000
   -18.00931     0.00000    -0.00000
   -17.99631     0.00000    -0.00000
   -17.98231     0.00000    -0.00000
   -17.96931     0.00000    -0.00000
   -17.95531     0.00000    -0.00000
   -17.94231     0.00000    -0.00000
   -17.92831     0.00000    -0.00000
   -17.91531     0.00000    -0.00000
   -17.90131     0.00000    -0.00000
   -17.88831     0.00000    -0.00000
   -17.87431     0.00000    -0.00000
   -17.86131     0.00000    -0.00000
   -17.84831     0.00000    -0.00000
   -17.83431     0.00000    -0.00000
   -17.82131     0.00000    -0.00000
   -17.80731     0.00000    -0.00000
   -17.79431     0.00000    -0.00000
   -17.78031     0.00000    -0.00000
   -17.76731     0.00000    -0.00000
   -17.75331     0.00000    -0.00000
   -17.74031     0.00000    -0.00000
   -17.72631     0.00000    -0.00000
   -17.71331     0.00000    -0.00000
   -17.69931     0.00000    -0.00000
   -17.68631     0.00000    -0.00000
   -17.67331     0.00000    -0.00000
   -17.65931     0.00000    -0.00000
   -17.64631     0.00000    -0.00000
   -17.63231     0.00000    -0.00000
   -17.61931     0.00000    -0.00000
   -17.60531     0.00000    -0.00000
   -17.59231     0.00000    -0.00000
   -17.57831     0.00000    -0.00000
   -17.56531     0.00000    -0.00000
   -17.55131     0.00001    -0.00002
   -17.53831     0.00013    -0.00015
   -17.52531     0.00086    -0.00092
   -17.51131     0.00378    -0.00371
   -17.49831     0.01120    -0.01018
   -17.48431     0.02248    -0.01892
   -17.47131     0.03058    -0.02380
   -17.45731     0.02819    -0.02030
   -17.44431     0.01760    -0.01172
   -17.43031     0.00745    -0.00459
   -17.41731     0.00213    -0.00121
   -17.40331     0.00041    -0.00022
   -17.39031     0.00005    -0.00003
   -17.37631     0.00000    -0.00000
   -17.36331     0.00000    -0.00000
   -17.35031     0.00000    -0.00000
   -17.33631     0.00000    -0.00000
   -17.32331     0.00000    -0.00000
   -17.30931     0.00000    -0.00000
   -17.29631     0.00000    -0.00000
   -17.28231     0.00000    -0.00000
   -17.26931     0.00000    -0.00000
   -17.25531     0.00000    -0.00000
   -17.24231     0.00000    -0.00000
   -17.22831     0.00000    -0.00000
   -17.21531     0.00000    -0.00000
   -17.20131     0.00000    -0.00000
   -17.18831     0.00000    -0.00000
   -17.17531     0.00000    -0.00000
   -17.16131     0.00000    -0.00000
   -17.14831     0.00000    -0.00000
   -17.13431     0.00000    -0.00000
   -17.12131     0.00000    -0.00000
   -17.10731     0.00000    -0.00000
   -17.09431     0.00000    -0.00000
   -17.08031     0.00000    -0.00000
   -17.06731     0.00000    -0.00000
   -17.05331     0.00000    -0.00000
   -17.04031     0.00000    -0.00000
   -17.02731     0.00000    -0.00000
   -17.01331     0.00000    -0.00000
   -17.00031     0.00000    -0.00000
   -16.98631     0.00000    -0.00000
   -16.97331     0.00000    -0.00000
   -16.95931     0.00000    -0.00000
   -16.94631     0.00000    -0.00000
   -16.93231     0.00000    -0.00000
   -16.91931     0.00000    -0.00000
   -16.90531     0.00000    -0.00000
   -16.89231     0.00000    -0.00000
   -16.87831     0.00000    -0.00000
   -16.86531     0.00000    -0.00000
   -16.85231     0.00000    -0.00000
   -16.83831     0.00000    -0.00000
   -16.82531     0.00000    -0.00000
   -16.81131     0.00000    -0.00000
   -16.79831     0.00000    -0.00000
   -16.78431     0.00000    -0.00000
   -16.77131     0.00000    -0.00000
   -16.75731     0.00000    -0.00000
   -16.74431     0.00000    -0.00000
   -16.73031     0.00000    -0.00000
   -16.71731     0.00000    -0.00000
   -16.70331     0.00000    -0.00000
   -16.69031     0.00000    -0.00000
   -16.67731     0.00000    -0.00000
   -16.66331     0.00000    -0.00000
   -16.65031     0.00000    -0.00000
   -16.63631     0.00000    -0.00000
   -16.62331     0.00000    -0.00000
   -16.60931     0.00000    -0.00000
   -16.59631     0.00000    -0.00000
   -16.58231     0.00000    -0.00000
   -16.56931     0.00000    -0.00000
   -16.55531     0.00000    -0.00000
   -16.54231     0.00000    -0.00000
   -16.52831     0.00000    -0.00000
   -16.51531     0.00000    -0.00000
   -16.50231     0.00000    -0.00000
   -16.48831     0.00000    -0.00000
   -16.47531     0.00000    -0.00000
   -16.46131     0.00000    -0.00000
   -16.44831     0.00000    -0.00000
   -16.43431     0.00000    -0.00000
   -16.42131     0.00000    -0.00000
   -16.40731     0.00000     0.00000
   -16.39431     0.00000     0.00000
   -16.38031     0.00000     0.00000
   -16.36731     0.00000     0.00000
   -16.35431     0.00000     0.00000
   -16.34031     0.00000     0.00000
   -16.32731     0.00000     0.00000
   -16.31331     0.00000     0.00000
   -16.30031     0.00000    -0.00000
   -16.28631     0.00000    -0.00000
   -16.27331     0.00000    -0.00000
   -16.25931     0.00000    -0.00000
   -16.24631     0.00000    -0.00000
   -16.23231     0.00000    -0.00000
   -16.21931     0.00000    -0.00000
   -16.20531     0.00002    -0.00001
   -16.19231     0.00013    -0.00006
   -16.17931     0.00072    -0.00034
   -16.16531     0.00271    -0.00137
   -16.15231     0.00690    -0.00375
   -16.13831     0.01190    -0.00695
   -16.12531     0.01389    -0.00873
   -16.11131     0.01099    -0.00743
   -16.09831     0.00589    -0.00428
   -16.08431     0.00214    -0.00167
   -16.07131     0.00053    -0.00044
   -16.05731     0.00009    -0.00008
   -16.04431     0.00001    -0.00001
   -16.03031     0.00000    -0.00000
   -16.01731     0.00000    -0.00000
   -16.00431     0.00000    -0.00000
   -15.99031     0.00000    -0.00000
   -15.97731     0.00000    -0.00000
   -15.96331     0.00000    -0.00000
   -15.95031     0.00000    -0.00000
   -15.93631     0.00000    -0.00000
   -15.92331     0.00000    -0.00000
   -15.90931     0.00000    -0.00000
   -15.89631     0.00000    -0.00000
   -15.88231     0.00000    -0.00000
   -15.86931     0.00000    -0.00000
   -15.85531     0.00000    -0.00000
   -15.84231     0.00000    -0.00000
   -15.82931     0.00000    -0.00000
   -15.81531     0.00000    -0.00000
   -15.80231     0.00000    -0.00000
   -15.78831     0.00000    -0.00000
   -15.77531     0.00000    -0.00000
   -15.76131     0.00000    -0.00000
   -15.74831     0.00000    -0.00000
   -15.73431     0.00000    -0.00000
   -15.72131     0.00003    -0.00001
   -15.70731     0.00017    -0.00008
   -15.69431     0.00064    -0.00031
   -15.68131     0.00165    -0.00080
   -15.66731     0.00288    -0.00140
   -15.65431     0.00341    -0.00168
   -15.64031     0.00273    -0.00136
   -15.62731     0.00149    -0.00074
   -15.61331     0.00055    -0.00028
   -15.60031     0.00014    -0.00007
   -15.58631     0.00002    -0.00001
   -15.57331     0.00000    -0.00000
   -15.55931     0.00000    -0.00000
   -15.54631     0.00000    -0.00000
   -15.53231     0.00000    -0.00000
   -15.51931     0.00000    -0.00000
   -15.50631     0.00000    -0.00000
   -15.49231     0.00000    -0.00000
   -15.47931     0.00000    -0.00000
   -15.46531     0.00000    -0.00000
   -15.45231     0.00000    -0.00000
   -15.43831     0.00000    -0.00000
   -15.42531     0.00000    -0.00000
   -15.41131     0.00000    -0.00000
   -15.39831     0.00000    -0.00000
   -15.38431     0.00000    -0.00000
   -15.37131     0.00000    -0.00000
   -15.35731     0.00000    -0.00000
   -15.34431     0.00000    -0.00000
   -15.33131     0.00000    -0.00000
   -15.31731     0.00000    -0.00000
   -15.30431     0.00000    -0.00000
   -15.29031     0.00000    -0.00000
   -15.27731     0.00000    -0.00000
   -15.26331     0.00000    -0.00000
   -15.25031     0.00000    -0.00000
   -15.23631     0.00000    -0.00000
   -15.22331     0.00000     0.00000
   -15.20931     0.00000     0.00000
   -15.19631     0.00000     0.00000
   -15.18331     0.00000     0.00000
   -15.16931     0.00000    -0.00000
   -15.15631     0.00000    -0.00000
   -15.14231     0.00000    -0.00000
   -15.12931     0.00000    -0.00000
   -15.11531     0.00000    -0.00000
   -15.10231     0.00000    -0.00000
   -15.08831     0.00000    -0.00000
   -15.07531     0.00000    -0.00000
   -15.06131     0.00000    -0.00000
   -15.04831     0.00000    -0.00000
   -15.03431     0.00000    -0.00000
   -15.02131     0.00000    -0.00000
   -15.00831     0.00000    -0.00000
   -14.99431     0.00000    -0.00000
   -14.98131     0.00000    -0.00000
   -14.96731     0.00000    -0.00000
   -14.95431     0.00000    -0.00000
   -14.94031     0.00000    -0.00000
   -14.92731     0.00000    -0.00000
   -14.91331     0.00000    -0.00000
   -14.90031     0.00000    -0.00000
   -14.88631     0.00000    -0.00000
   -14.87331     0.00000    -0.00000
   -14.85931     0.00000    -0.00000
   -14.84631     0.00000    -0.00000
   -14.83331     0.00000    -0.00000
   -14.81931     0.00000    -0.00000
   -14.80631     0.00000    -0.00000
   -14.79231     0.00000    -0.00000
   -14.77931     0.00000    -0.00000
   -14.76531     0.00000    -0.00000
   -14.75231     0.00000    -0.00000
   -14.73831     0.00000    -0.00000
   -14.72531     0.00000    -0.00000
   -14.71131     0.00000    -0.00000
   -14.69831     0.00000    -0.00000
   -14.68431     0.00000    -0.00000
   -14.67131     0.00000    -0.00000
   -14.65831     0.00000    -0.00000
   -14.64431     0.00000    -0.00000
   -14.63131     0.00000    -0.00000
   -14.61731     0.00000    -0.00000
   -14.60431     0.00000    -0.00000
   -14.59031     0.00000    -0.00000
   -14.57731     0.00000    -0.00000
   -14.56331     0.00000    -0.00000
   -14.55031     0.00000    -0.00000
   -14.53631     0.00000    -0.00000
   -14.52331     0.00000    -0.00000
   -14.51031     0.00000    -0.00000
   -14.49631     0.00000    -0.00000
   -14.48331     0.00000    -0.00000
   -14.46931     0.00000    -0.00000
   -14.45631     0.00000    -0.00000
   -14.44231     0.00000    -0.00000
   -14.42931     0.00000    -0.00000
   -14.41531     0.00000    -0.00000
   -14.40231     0.00000    -0.00000
   -14.38831     0.00000    -0.00000
   -14.37531     0.00000     0.00000
   -14.36131     0.00000    -0.00000
   -14.34831     0.00000    -0.00000
   -14.33531     0.00000    -0.00000
   -14.32131     0.00000    -0.00000
   -14.30831     0.00000    -0.00000
   -14.29431     0.00000    -0.00000
   -14.28131     0.00000    -0.00000
   -14.26731     0.00000    -0.00000
   -14.25431     0.00000    -0.00000
   -14.24031     0.00000    -0.00000
   -14.22731     0.00000    -0.00000
   -14.21331     0.00000    -0.00000
   -14.20031     0.00000    -0.00000
   -14.18631     0.00000    -0.00000
   -14.17331     0.00000    -0.00000
   -14.16031     0.00000    -0.00000
   -14.14631     0.00000    -0.00000
   -14.13331     0.00000    -0.00000
   -14.11931     0.00000    -0.00000
   -14.10631     0.00001    -0.00001
   -14.09231     0.00011    -0.00011
   -14.07931     0.00070    -0.00068
   -14.06531     0.00307    -0.00281
   -14.05231     0.00910    -0.00788
   -14.03831     0.01826    -0.01500
   -14.02531     0.02483    -0.01933
   -14.01131     0.02287    -0.01687
   -13.99831     0.01428    -0.00998
   -13.98531     0.00604    -0.00400
   -13.97131     0.00173    -0.00108
   -13.95831     0.00033    -0.00020
   -13.94431     0.00004    -0.00002
   -13.93131     0.00000    -0.00000
   -13.91731     0.00000    -0.00000
   -13.90431     0.00000    -0.00000
   -13.89031     0.00000    -0.00000
   -13.87731     0.00000    -0.00000
   -13.86331     0.00000    -0.00000
   -13.85031     0.00000    -0.00000
   -13.83731     0.00000     0.00000
   -13.82331     0.00000     0.00000
   -13.81031     0.00000     0.00000
   -13.79631     0.00000     0.00000
   -13.78331     0.00000     0.00000
   -13.76931     0.00000     0.00000
   -13.75631     0.00000     0.00000
   -13.74231     0.00000     0.00000
   -13.72931     0.00000     0.00000
   -13.71531     0.00000     0.00000
   -13.70231     0.00000    -0.00000
   -13.68831     0.00000    -0.00000
   -13.67531     0.00000    -0.00000
   -13.66231     0.00000    -0.00000
   -13.64831     0.00000    -0.00000
   -13.63531     0.00000    -0.00000
   -13.62131     0.00000    -0.00000
   -13.60831     0.00000    -0.00000
   -13.59431     0.00000    -0.00001
   -13.58131     0.00002    -0.00004
   -13.56731     0.00009    -0.00015
   -13.55431     0.00025    -0.00039
   -13.54031     0.00048    -0.00068
   -13.52731     0.00061    -0.00082
   -13.51331     0.00053    -0.00066
   -13.50031     0.00031    -0.00036
   -13.48731     0.00012    -0.00013
   -13.47331     0.00003    -0.00003
   -13.46031     0.00001    -0.00001
   -13.44631     0.00000    -0.00000
   -13.43331     0.00000    -0.00000
   -13.41931     0.00000    -0.00000
   -13.40631     0.00000    -0.00000
   -13.39231     0.00000    -0.00000
   -13.37931     0.00000    -0.00000
   -13.36531     0.00000    -0.00000
   -13.35231     0.00000    -0.00000
   -13.33831     0.00000     0.00000
   -13.32531     0.00000     0.00000
   -13.31231     0.00000     0.00000
   -13.29831     0.00000     0.00000
   -13.28531     0.00000     0.00000
   -13.27131     0.00000     0.00000
   -13.25831     0.00000     0.00000
   -13.24431     0.00000     0.00000
   -13.23131     0.00000     0.00000
   -13.21731     0.00000     0.00000
   -13.20431     0.00000     0.00000
   -13.19031     0.00000     0.00000
   -13.17731     0.00000     0.00000
   -13.16431     0.00000     0.00000
   -13.15031     0.00000     0.00000
   -13.13731     0.00000     0.00000
   -13.12331     0.00000     0.00000
   -13.11031     0.00000     0.00000
   -13.09631     0.00000     0.00000
   -13.08331     0.00000     0.00000
   -13.06931     0.00000     0.00000
   -13.05631     0.00000     0.00000
   -13.04231     0.00000     0.00000
   -13.02931     0.00000     0.00000
   -13.01531     0.00000     0.00000
   -13.00231     0.00000     0.00000
   -12.98931     0.00000     0.00000
   -12.97531     0.00000     0.00000
   -12.96231     0.00000    -0.00000
   -12.94831     0.00000    -0.00000
   -12.93531     0.00000    -0.00000
   -12.92131     0.00000    -0.00000
   -12.90831     0.00000    -0.00000
   -12.89431     0.00000    -0.00000
   -12.88131     0.00000    -0.00000
   -12.86731     0.00000    -0.00000
   -12.85431     0.00000    -0.00000
   -12.84031     0.00000    -0.00000
   -12.82731     0.00000    -0.00000
   -12.81431     0.00000    -0.00000
   -12.80031     0.00000    -0.00000
   -12.78731     0.00000    -0.00000
   -12.77331     0.00000    -0.00000
   -12.76031     0.00000    -0.00000
   -12.74631     0.00000    -0.00000
   -12.73331     0.00000    -0.00000
   -12.71931     0.00000    -0.00000
   -12.70631     0.00000    -0.00000
   -12.69231     0.00000    -0.00000
   -12.67931     0.00000    -0.00000
   -12.66631     0.00000    -0.00000
   -12.65231     0.00000    -0.00000
   -12.63931     0.00000    -0.00000
   -12.62531     0.00000    -0.00000
   -12.61231     0.00000    -0.00000
   -12.59831     0.00000    -0.00000
   -12.58531     0.00000    -0.00000
   -12.57131     0.00000    -0.00000
   -12.55831     0.00000    -0.00000
   -12.54431     0.00000    -0.00000
   -12.53131     0.00000    -0.00000
   -12.51731     0.00000    -0.00000
   -12.50431     0.00000    -0.00000
   -12.49131     0.00000    -0.00000
   -12.47731     0.00000    -0.00000
   -12.46431     0.00000    -0.00000
   -12.45031     0.00000    -0.00000
   -12.43731     0.00000    -0.00000
   -12.42331     0.00000    -0.00000
   -12.41031     0.00000    -0.00000
   -12.39631     0.00000    -0.00000
   -12.38331     0.00000    -0.00000
   -12.36931     0.00000    -0.00000
   -12.35631     0.00000    -0.00000
   -12.34231     0.00000    -0.00000
   -12.32931     0.00000    -0.00000
   -12.31631     0.00000    -0.00000
   -12.30231     0.00000    -0.00000
   -12.28931     0.00000    -0.00000
   -12.27531     0.00000    -0.00000
   -12.26231     0.00000    -0.00000
   -12.24831     0.00000    -0.00000
   -12.23531     0.00000    -0.00000
   -12.22131     0.00000    -0.00000
   -12.20831     0.00000    -0.00000
   -12.19431     0.00000    -0.00000
   -12.18131     0.00000    -0.00000
   -12.16731     0.00000    -0.00000
   -12.15431     0.00000    -0.00000
   -12.14131     0.00000    -0.00000
   -12.12731     0.00000     0.00000
   -12.11431     0.00000     0.00000
   -12.10031     0.00000     0.00000
   -12.08731     0.00000     0.00000
   -12.07331     0.00000     0.00000
   -12.06031     0.00000    -0.00000
   -12.04631     0.00000    -0.00000
   -12.03331     0.00000    -0.00000
   -12.01931     0.00000    -0.00000
   -12.00631     0.00000    -0.00000
   -11.99331     0.00000    -0.00000
   -11.97931     0.00001    -0.00000
   -11.96631     0.00010    -0.00000
   -11.95231     0.00077    -0.00003
   -11.93931     0.00421    -0.00023
   -11.92531     0.01559    -0.00138
   -11.91231     0.03905    -0.00557
   -11.89831     0.06625    -0.01525
   -11.88531     0.07614    -0.02824
   -11.87131     0.05929    -0.03544
   -11.85831     0.03128    -0.03014
   -11.84431     0.01117    -0.01736
   -11.83131     0.00270    -0.00677
   -11.81831     0.00044    -0.00179
   -11.80431     0.00005    -0.00032
   -11.79131     0.00000    -0.00004
   -11.77731     0.00000    -0.00000
   -11.76431     0.00000    -0.00000
   -11.75031     0.00000    -0.00000
   -11.73731     0.00000    -0.00000
   -11.72331     0.00000    -0.00000
   -11.71031     0.00000    -0.00000
   -11.69631     0.00000    -0.00000
   -11.68331     0.00000     0.00000
   -11.66931     0.00000    -0.00000
   -11.65631     0.00000    -0.00000
   -11.64331     0.00000    -0.00000
   -11.62931     0.00000    -0.00000
   -11.61631     0.00000    -0.00000
   -11.60231     0.00000    -0.00000
   -11.58931     0.00001    -0.00000
   -11.57531     0.00007    -0.00002
   -11.56231     0.00061    -0.00018
   -11.54831     0.00346    -0.00119
   -11.53531     0.01325    -0.00531
   -11.52131     0.03431    -0.01603
   -11.50831     0.06019    -0.03277
   -11.49431     0.07152    -0.04538
   -11.48131     0.05758    -0.04258
   -11.46831     0.03141    -0.02706
   -11.45431     0.01160    -0.01165
   -11.44131     0.00290    -0.00340
   -11.42731     0.00049    -0.00067
   -11.41431     0.00006    -0.00009
   -11.40031     0.00000    -0.00001
   -11.38731     0.00000    -0.00000
   -11.37331     0.00000    -0.00000
   -11.36031     0.00000    -0.00000
   -11.34631     0.00000    -0.00000
   -11.33331     0.00000    -0.00000
   -11.32031     0.00000    -0.00000
   -11.30631     0.00000    -0.00000
   -11.29331     0.00000    -0.00000
   -11.27931     0.00000    -0.00000
   -11.26631     0.00000    -0.00000
   -11.25231     0.00000    -0.00000
   -11.23931     0.00000    -0.00000
   -11.22531     0.00000    -0.00000
   -11.21231     0.00000    -0.00000
   -11.19831     0.00000    -0.00000
   -11.18531     0.00000    -0.00000
   -11.17131     0.00000    -0.00000
   -11.15831     0.00000    -0.00000
   -11.14531     0.00000    -0.00000
   -11.13131     0.00000    -0.00000
   -11.11831     0.00000    -0.00000
   -11.10431     0.00000    -0.00000
   -11.09131     0.00000    -0.00000
   -11.07731     0.00000    -0.00000
   -11.06431     0.00000    -0.00000
   -11.05031     0.00000    -0.00000
   -11.03731     0.00000    -0.00000
   -11.02331     0.00000    -0.00000
   -11.01031     0.00000    -0.00000
   -10.99631     0.00000    -0.00000
   -10.98331     0.00000    -0.00000
   -10.97031     0.00000    -0.00000
   -10.95631     0.00000    -0.00000
   -10.94331     0.00000    -0.00000
   -10.92931     0.00000    -0.00000
   -10.91631     0.00000    -0.00000
   -10.90231     0.00000    -0.00000
   -10.88931     0.00000    -0.00000
   -10.87531     0.00000     0.00000
   -10.86231     0.00000     0.00000
   -10.84831     0.00000     0.00000
   -10.83531     0.00000     0.00000
   -10.82131     0.00000     0.00000
   -10.80831     0.00000     0.00000
   -10.79531     0.00000     0.00000
   -10.78131     0.00000     0.00000
   -10.76831     0.00000     0.00000
   -10.75431     0.00000     0.00000
   -10.74131     0.00000     0.00000
   -10.72731     0.00000     0.00000
   -10.71431     0.00000     0.00000
   -10.70031     0.00000     0.00000
   -10.68731     0.00000    -0.00000
   -10.67331     0.00000    -0.00000
   -10.66031     0.00000    -0.00000
   -10.64731     0.00000    -0.00000
   -10.63331     0.00000    -0.00000
   -10.62031     0.00000    -0.00000
   -10.60631     0.00000    -0.00000
   -10.59331     0.00000    -0.00000
   -10.57931     0.00000    -0.00000
   -10.56631     0.00000    -0.00000
   -10.55231     0.00000    -0.00000
   -10.53931     0.00000    -0.00000
   -10.52531     0.00000    -0.00000
   -10.51231     0.00000    -0.00000
   -10.49831     0.00000    -0.00000
   -10.48531     0.00000    -0.00000
   -10.47231     0.00000    -0.00000
   -10.45831     0.00000    -0.00000
   -10.44531     0.00000    -0.00000
   -10.43131     0.00000    -0.00000
   -10.41831     0.00000    -0.00000
   -10.40431     0.00000    -0.00000
   -10.39131     0.00000    -0.00000
   -10.37731     0.00000    -0.00000
   -10.36431     0.00000    -0.00000
   -10.35031     0.00000    -0.00000
   -10.33731     0.00000    -0.00000
   -10.32331     0.00000    -0.00000
   -10.31031     0.00000    -0.00000
   -10.29731     0.00000    -0.00000
   -10.28331     0.00000    -0.00000
   -10.27031     0.00000    -0.00000
   -10.25631     0.00000    -0.00000
   -10.24331     0.00000    -0.00000
   -10.22931     0.00000     0.00000
   -10.21631     0.00000     0.00000
   -10.20231     0.00000     0.00000
   -10.18931     0.00000     0.00000
   -10.17531     0.00000     0.00000
   -10.16231     0.00000     0.00000
   -10.14931     0.00000     0.00000
   -10.13531     0.00000     0.00000
   -10.12231     0.00000     0.00000
   -10.10831     0.00000     0.00000
   -10.09531     0.00000    -0.00000
   -10.08131     0.00000    -0.00000
   -10.06831     0.00000    -0.00000
   -10.05431     0.00000    -0.00000
   -10.04131     0.00000    -0.00000
   -10.02731     0.00000    -0.00000
   -10.01431     0.00000    -0.00000
   -10.00031     0.00000    -0.00000
    -9.98731     0.00004    -0.00003
    -9.97431     0.00020    -0.00018
    -9.96031     0.00076    -0.00063
    -9.94731     0.00197    -0.00151
    -9.93331     0.00345    -0.00244
    -9.92031     0.00408    -0.00267
    -9.90631     0.00327    -0.00198
    -9.89331     0.00178    -0.00100
    -9.87931     0.00065    -0.00034
    -9.86631     0.00016    -0.00008
    -9.85231     0.00003    -0.00001
    -9.83931     0.00000    -0.00000
    -9.82531     0.00000    -0.00000
    -9.81231     0.00000    -0.00000
    -9.79931     0.00000    -0.00000
    -9.78531     0.00000    -0.00000
    -9.77231     0.00000    -0.00000
    -9.75831     0.00000    -0.00000
    -9.74531     0.00000    -0.00000
    -9.73131     0.00000     0.00000
    -9.71831     0.00000     0.00000
    -9.70431     0.00000     0.00000
    -9.69131     0.00000    -0.00000
    -9.67731     0.00000    -0.00000
    -9.66431     0.00000    -0.00000
    -9.65031     0.00000    -0.00000
    -9.63731     0.00000    -0.00000
    -9.62431     0.00000    -0.00000
    -9.61031     0.00000    -0.00000
    -9.59731     0.00000    -0.00000
    -9.58331     0.00000    -0.00000
    -9.57031     0.00000    -0.00000
    -9.55631     0.00000    -0.00000
    -9.54331     0.00000    -0.00000
    -9.52931     0.00000    -0.00000
    -9.51631     0.00000    -0.00000
    -9.50231     0.00000    -0.00000
    -9.48931     0.00000    -0.00000
    -9.47631     0.00000    -0.00000
    -9.46231     0.00001    -0.00001
    -9.44931     0.00007    -0.00009
    -9.43531     0.00036    -0.00046
    -9.42231     0.00121    -0.00167
    -9.40831     0.00275    -0.00408
    -9.39531     0.00424    -0.00676
    -9.38131     0.00444    -0.00759
    -9.36831     0.00314    -0.00577
    -9.35431     0.00151    -0.00297
    -9.34131     0.00049    -0.00104
    -9.32731     0.00011    -0.00024
    -9.31431     0.00002    -0.00004
    -9.30131     0.00000    -0.00000
    -9.28731     0.00000    -0.00000
    -9.27431     0.00000    -0.00000
    -9.26031     0.00000    -0.00000
    -9.24731     0.00000    -0.00000
    -9.23331     0.00000    -0.00000
    -9.22031     0.00000    -0.00000
    -9.20631     0.00000    -0.00000
    -9.19331     0.00000     0.00000
    -9.17931     0.00000     0.00000
    -9.16631     0.00000    -0.00000
    -9.15231     0.00000    -0.00000
    -9.13931     0.00000    -0.00000
    -9.12631     0.00000    -0.00000
    -9.11231     0.00000    -0.00000
    -9.09931     0.00000    -0.00000
    -9.08531     0.00000    -0.00000
    -9.07231     0.00000    -0.00000
    -9.05831     0.00000    -0.00000
    -9.04531     0.00000    -0.00000
    -9.03131     0.00000    -0.00000
    -9.01831     0.00000    -0.00000
    -9.00431     0.00000    -0.00000
    -8.99131     0.00000    -0.00000
    -8.97731     0.00000    -0.00000
    -8.96431     0.00000    -0.00000
    -8.95131     0.00000    -0.00000
    -8.93731     0.00000    -0.00000
    -8.92431     0.00000    -0.00000
    -8.91031     0.00000    -0.00000
    -8.89731     0.00000    -0.00000
    -8.88331     0.00000    -0.00000
    -8.87031     0.00000    -0.00000
    -8.85631     0.00000    -0.00000
    -8.84331     0.00000    -0.00000
    -8.82931     0.00000    -0.00000
    -8.81631     0.00000    -0.00000
    -8.80331     0.00000    -0.00000
    -8.78931     0.00000    -0.00000
    -8.77631     0.00000    -0.00000
    -8.76231     0.00000    -0.00000
    -8.74931     0.00000    -0.00000
    -8.73531     0.00000    -0.00000
    -8.72231     0.00002    -0.00000
    -8.70831     0.00028    -0.00000
    -8.69531     0.00224    -0.00001
    -8.68131     0.01224    -0.00015
    -8.66831     0.04523    -0.00116
    -8.65431     0.11320    -0.00615
    -8.64131     0.19180    -0.02201
    -8.62831     0.22030    -0.05330
    -8.61431     0.17140    -0.08742
    -8.60131     0.09033    -0.09713
    -8.58731     0.03224    -0.07312
    -8.57431     0.00779    -0.03729
    -8.56031     0.00127    -0.01288
    -8.54731     0.00014    -0.00301
    -8.53331     0.00001    -0.00048
    -8.52031     0.00000    -0.00005
    -8.50631     0.00000    -0.00000
    -8.49331     0.00000    -0.00000
    -8.47931     0.00000    -0.00000
    -8.46631     0.00000    -0.00000
    -8.45331     0.00000    -0.00000
    -8.43931     0.00000    -0.00000
    -8.42631     0.00000    -0.00000
    -8.41231     0.00000    -0.00000
    -8.39931     0.00000    -0.00000
    -8.38531     0.00000    -0.00000
    -8.37231     0.00000    -0.00000
    -8.35831     0.00000    -0.00000
    -8.34531     0.00000    -0.00000
    -8.33131     0.00000    -0.00000
    -8.31831     0.00000    -0.00000
    -8.30431     0.00000    -0.00000
    -8.29131     0.00000    -0.00000
    -8.27831     0.00000    -0.00000
    -8.26431     0.00000    -0.00000
    -8.25131     0.00000    -0.00000
    -8.23731     0.00000    -0.00000
    -8.22431     0.00000    -0.00000
    -8.21031     0.00000    -0.00000
    -8.19731     0.00000    -0.00000
    -8.18331     0.00000    -0.00000
    -8.17031     0.00000    -0.00000
    -8.15631     0.00000    -0.00000
    -8.14331     0.00000    -0.00000
    -8.13031     0.00000    -0.00000
    -8.11631     0.00000    -0.00000
    -8.10331     0.00000    -0.00000
    -8.08931     0.00000    -0.00000
    -8.07631     0.00000    -0.00000
    -8.06231     0.00000    -0.00000
    -8.04931     0.00000    -0.00000
    -8.03531     0.00000    -0.00000
    -8.02231     0.00000    -0.00000
    -8.00831     0.00000    -0.00000
    -7.99531     0.00000    -0.00000
    -7.98131     0.00000    -0.00000
    -7.96831     0.00000     0.00000
    -7.95531     0.00000     0.00000
    -7.94131     0.00000     0.00000
    -7.92831     0.00000     0.00000
    -7.91431     0.00000     0.00000
    -7.90131     0.00000     0.00000
    -7.88731     0.00000     0.00000
    -7.87431     0.00000     0.00000
    -7.86031     0.00000     0.00000
    -7.84731     0.00000     0.00000
    -7.83331     0.00000     0.00000
    -7.82031     0.00000     0.00000
    -7.80631     0.00000     0.00000
    -7.79331     0.00000    -0.00000
    -7.78031     0.00000    -0.00000
    -7.76631     0.00000    -0.00000
    -7.75331     0.00000    -0.00000
    -7.73931     0.00000    -0.00000
    -7.72631     0.00000    -0.00000
    -7.71231     0.00000    -0.00000
    -7.69931     0.00002    -0.00000
    -7.68531     0.00026    -0.00000
    -7.67231     0.00194    -0.00003
    -7.65831     0.00972    -0.00028
    -7.64531     0.03298    -0.00160
    -7.63231     0.07576    -0.00619
    -7.61831     0.11790    -0.01625
    -7.60531     0.12430    -0.02887
    -7.59131     0.08878    -0.03475
    -7.57831     0.04296    -0.02834
    -7.56431     0.01408    -0.01566
    -7.55131     0.00312    -0.00586
    -7.53731     0.00047    -0.00148
    -7.52431     0.00005    -0.00025
    -7.51031     0.00000    -0.00003
    -7.49731     0.00000    -0.00000
    -7.48331     0.00000    -0.00000
    -7.47031     0.00000    -0.00000
    -7.45731     0.00000    -0.00000
    -7.44331     0.00000    -0.00000
    -7.43031     0.00000    -0.00000
    -7.41631     0.00000    -0.00000
    -7.40331     0.00002    -0.00001
    -7.38931     0.00010    -0.00003
    -7.37631     0.00036    -0.00012
    -7.36231     0.00086    -0.00028
    -7.34931     0.00137    -0.00044
    -7.33531     0.00149    -0.00048
    -7.32231     0.00110    -0.00035
    -7.30831     0.00055    -0.00017
    -7.29531     0.00019    -0.00006
    -7.28231     0.00004    -0.00001
    -7.26831     0.00001    -0.00000
    -7.25531     0.00000    -0.00000
    -7.24131     0.00000    -0.00000
    -7.22831     0.00000    -0.00000
    -7.21431     0.00000    -0.00000
    -7.20131     0.00000    -0.00000
    -7.18731     0.00000    -0.00000
    -7.17431     0.00000    -0.00000
    -7.16031     0.00000    -0.00000
    -7.14731     0.00000    -0.00000
    -7.13331     0.00000    -0.00000
    -7.12031     0.00001    -0.00000
    -7.10731     0.00015    -0.00000
    -7.09331     0.00147    -0.00000
    -7.08031     0.00997    -0.00000
    -7.06631     0.04590    -0.00003
    -7.05331     0.14300    -0.00035
    -7.03931     0.30150    -0.00259
    -7.02631     0.43060    -0.01310
    -7.01231     0.41680    -0.04474
    -6.99931     0.27330    -0.10350
    -6.98531     0.12140    -0.16210
    -6.97231     0.03651    -0.17210
    -6.95931     0.00743    -0.12380
    -6.94531     0.00102    -0.06031
    -6.93231     0.00010    -0.01990
    -6.91831     0.00001    -0.00444
    -6.90531     0.00000    -0.00067
    -6.89131     0.00000    -0.00007
    -6.87831     0.00000    -0.00000
    -6.86431     0.00000    -0.00000
    -6.85131     0.00004    -0.00000
    -6.83731     0.00041    -0.00000
    -6.82431     0.00310    -0.00003
    -6.81031     0.01564    -0.00028
    -6.79731     0.05348    -0.00206
    -6.78431     0.12380    -0.01019
    -6.77031     0.19420    -0.03410
    -6.75731     0.20630    -0.07728
    -6.74331     0.14850    -0.11860
    -6.73031     0.07242    -0.12340
    -6.71631     0.02391    -0.08691
    -6.70331     0.00534    -0.04148
    -6.68931     0.00081    -0.01341
    -6.67631     0.00008    -0.00293
    -6.66231     0.00001    -0.00043
    -6.64931     0.00000    -0.00004
    -6.63531     0.00000    -0.00000
    -6.62231     0.00000    -0.00000
    -6.60931     0.00000    -0.00000
    -6.59531     0.00000    -0.00000
    -6.58231     0.00000    -0.00000
    -6.56831     0.00000    -0.00000
    -6.55531     0.00000    -0.00000
    -6.54131     0.00000    -0.00000
    -6.52831     0.00000    -0.00000
    -6.51431     0.00000    -0.00000
    -6.50131     0.00000    -0.00000
    -6.48731     0.00000    -0.00000
    -6.47431     0.00000    -0.00000
    -6.46031     0.00000    -0.00000
    -6.44731     0.00000    -0.00000
    -6.43431     0.00000    -0.00000
    -6.42031     0.00000    -0.00000
    -6.40731     0.00000    -0.00000
    -6.39331     0.00000    -0.00000
    -6.38031     0.00000    -0.00000
    -6.36631     0.00000    -0.00000
    -6.35331     0.00000    -0.00000
    -6.33931     0.00000    -0.00000
    -6.32631     0.00000    -0.00000
    -6.31231     0.00000    -0.00000
    -6.29931     0.00000    -0.00000
    -6.28631     0.00000    -0.00000
    -6.27231     0.00000    -0.00000
    -6.25931     0.00000    -0.00000
    -6.24531     0.00000    -0.00000
    -6.23231     0.00000    -0.00000
    -6.21831     0.00000    -0.00000
    -6.20531     0.00000    -0.00000
    -6.19131     0.00000    -0.00000
    -6.17831     0.00000    -0.00000
    -6.16431     0.00000    -0.00000
    -6.15131     0.00000    -0.00000
    -6.13731     0.00000    -0.00000
    -6.12431     0.00000    -0.00000
    -6.11131     0.00000    -0.00000
    -6.09731     0.00000    -0.00000
    -6.08431     0.00000    -0.00000
    -6.07031     0.00000    -0.00000
    -6.05731     0.00000    -0.00000
    -6.04331     0.00000    -0.00000
    -6.03031     0.00000    -0.00000
    -6.01631     0.00000    -0.00000
    -6.00331     0.00000    -0.00000
    -5.98931     0.00000    -0.00000
    -5.97631     0.00000    -0.00000
    -5.96231     0.00000    -0.00000
    -5.94931     0.00000    -0.00000
    -5.93631     0.00000    -0.00000
    -5.92231     0.00000    -0.00000
    -5.90931     0.00000    -0.00000
    -5.89531     0.00000    -0.00000
    -5.88231     0.00000    -0.00000
    -5.86831     0.00000    -0.00000
    -5.85531     0.00000    -0.00000
    -5.84131     0.00000    -0.00000
    -5.82831     0.00000    -0.00000
    -5.81431     0.00000    -0.00000
    -5.80131     0.00000    -0.00000
    -5.78731     0.00003    -0.00001
    -5.77431     0.00020    -0.00007
    -5.76131     0.00090    -0.00041
    -5.74731     0.00272    -0.00153
    -5.73431     0.00554    -0.00386
    -5.72031     0.00764    -0.00662
    -5.70731     0.00715    -0.00767
    -5.69331     0.00453    -0.00603
    -5.68031     0.00194    -0.00321
    -5.66631     0.00057    -0.00116
    -5.65331     0.00011    -0.00028
    -5.63931     0.00001    -0.00005
    -5.62631     0.00000    -0.00001
    -5.61331     0.00000    -0.00000
    -5.59931     0.00000    -0.00000
    -5.58631     0.00000    -0.00000
    -5.57231     0.00000    -0.00000
    -5.55931     0.00000    -0.00000
    -5.54531     0.00000    -0.00000
    -5.53231     0.00000    -0.00000
    -5.51831     0.00000    -0.00000
    -5.50531     0.00000    -0.00000
    -5.49131     0.00000    -0.00000
    -5.47831     0.00000    -0.00000
    -5.46431     0.00000    -0.00000
    -5.45131     0.00001    -0.00000
    -5.43831     0.00015    -0.00000
    -5.42431     0.00165    -0.00000
    -5.41131     0.01242    -0.00000
    -5.39731     0.06320    -0.00000
    -5.38431     0.21760    -0.00000
    -5.37031     0.50750    -0.00000
    -5.35731     0.80160    -0.00001
    -5.34331     0.85770    -0.00009
    -5.33031     0.62180    -0.00090
    -5.31631     0.30540    -0.00631
    -5.30331     0.10160    -0.03004
    -5.28931     0.02286    -0.09682
    -5.27631     0.00348    -0.21130
    -5.26331     0.00036    -0.31240
    -5.24931     0.00002    -0.31290
    -5.23631     0.00000    -0.21230
    -5.22231     0.00000    -0.09759
    -5.20931     0.00000    -0.03038
    -5.19531     0.00000    -0.00640
    -5.18231     0.00000    -0.00091
    -5.16831     0.00000    -0.00009
    -5.15531     0.00000    -0.00001
    -5.14131     0.00000    -0.00000
    -5.12831     0.00000    -0.00000
    -5.11531     0.00000    -0.00000
    -5.10131     0.00000    -0.00000
    -5.08831     0.00000    -0.00000
    -5.07431     0.00000    -0.00000
    -5.06131     0.00000    -0.00000
    -5.04731     0.00000    -0.00000
    -5.03431     0.00000    -0.00000
    -5.02031     0.00000    -0.00000
    -5.00731     0.00000    -0.00000
    -4.99331     0.00000    -0.00000
    -4.98031     0.00000    -0.00000
    -4.96631     0.00000    -0.00000
    -4.95331     0.00000    -0.00000
    -4.94031     0.00000    -0.00000
    -4.92631     0.00000    -0.00000
    -4.91331     0.00000    -0.00000
    -4.89931     0.00000    -0.00000
    -4.88631     0.00000    -0.00000
    -4.87231     0.00000    -0.00000
    -4.85931     0.00000    -0.00000
    -4.84531     0.00000    -0.00000
    -4.83231     0.00000    -0.00000
    -4.81831     0.00000    -0.00000
    -4.80531     0.00000    -0.00000
    -4.79131     0.00000    -0.00000
    -4.77831     0.00000    -0.00000
    -4.76531     0.00000    -0.00000
    -4.75131     0.00000    -0.00000
    -4.73831     0.00000    -0.00000
    -4.72431     0.00000    -0.00000
    -4.71131     0.00000    -0.00000
    -4.69731     0.00000    -0.00000
    -4.68431     0.00000    -0.00000
    -4.67031     0.00000    -0.00000
    -4.65731     0.00000    -0.00000
    -4.64331     0.00000    -0.00000
    -4.63031     0.00000    -0.00000
    -4.61631     0.00000    -0.00000
    -4.60331     0.00000    -0.00000
    -4.59031     0.00000    -0.00000
    -4.57631     0.00000    -0.00000
    -4.56331     0.00001    -0.00000
    -4.54931     0.00013    -0.00000
    -4.53631     0.00152    -0.00000
    -4.52231     0.01166    -0.00000
    -4.50931     0.06048    -0.00000
    -4.49531     0.21240    -0.00000
    -4.48231     0.50490    -0.00001
    -4.46831     0.81300    -0.00011
    -4.45531     0.88690    -0.00102
    -4.44231     0.65550    -0.00651
    -4.42831     0.32820    -0.02804
    -4.41531     0.11130    -0.08174
    -4.40131     0.02554    -0.16140
    -4.38831     0.00396    -0.21580
    -4.37431     0.00042    -0.19560
    -4.36131     0.00003    -0.12010
    -4.34731     0.00000    -0.04994
    -4.33431     0.00000    -0.01406
    -4.32031     0.00000    -0.00268
    -4.30731     0.00000    -0.00034
    -4.29331     0.00000    -0.00003
    -4.28031     0.00000    -0.00000
    -4.26731     0.00000    -0.00000
    -4.25331     0.00000    -0.00000
    -4.24031     0.00000    -0.00000
    -4.22631     0.00000    -0.00000
    -4.21331     0.00000    -0.00000
    -4.19931     0.00000    -0.00000
    -4.18631     0.00000    -0.00000
    -4.17231     0.00000    -0.00000
    -4.15931     0.00000    -0.00000
    -4.14531     0.00000    -0.00000
    -4.13231     0.00000    -0.00000
    -4.11831     0.00000    -0.00000
    -4.10531     0.00000    -0.00000
    -4.09231     0.00000    -0.00000
    -4.07831     0.00000    -0.00000
    -4.06531     0.00000    -0.00000
    -4.05131     0.00000    -0.00000
    -4.03831     0.00000    -0.00000
    -4.02431     0.00000    -0.00000
    -4.01131     0.00000    -0.00000
    -3.99731     0.00000    -0.00000
    -3.98431     0.00000    -0.00000
    -3.97031     0.00000    -0.00000
    -3.95731     0.00000    -0.00000
    -3.94331     0.00000    -0.00000
    -3.93031     0.00000    -0.00000
    -3.91731     0.00000    -0.00000
    -3.90331     0.00000    -0.00000
    -3.89031     0.00000    -0.00000
    -3.87631     0.00000    -0.00000
    -3.86331     0.00000    -0.00000
    -3.84931     0.00000    -0.00000
    -3.83631     0.00000    -0.00000
    -3.82231     0.00000    -0.00000
    -3.80931     0.00000    -0.00000
    -3.79531     0.00000    -0.00000
    -3.78231     0.00000    -0.00000
    -3.76931     0.00000    -0.00000
    -3.75531     0.00000    -0.00000
    -3.74231     0.00000    -0.00000
    -3.72831     0.00000    -0.00000
    -3.71531     0.00000    -0.00000
    -3.70131     0.00000    -0.00000
    -3.68831     0.00000    -0.00000
    -3.67431     0.00000    -0.00000
    -3.66131     0.00000    -0.00000
    -3.64731     0.00000    -0.00000
    -3.63431     0.00000    -0.00000
    -3.62031     0.00000    -0.00000
    -3.60731     0.00000    -0.00000
    -3.59431     0.00000    -0.00000
    -3.58031     0.00000    -0.00000
    -3.56731     0.00000    -0.00000
    -3.55331     0.00000    -0.00000
    -3.54031     0.00000    -0.00000
    -3.52631     0.00000    -0.00000
    -3.51331     0.00000    -0.00000
    -3.49931     0.00000    -0.00000
    -3.48631     0.00000    -0.00000
    -3.47231     0.00000    -0.00000
    -3.45931     0.00000    -0.00000
    -3.44531     0.00000    -0.00000
    -3.43231     0.00000    -0.00000
    -3.41931     0.00000    -0.00000
    -3.40531     0.00000    -0.00000
    -3.39231     0.00000    -0.00000
    -3.37831     0.00000    -0.00000
    -3.36531     0.00000    -0.00000
    -3.35131     0.00000    -0.00000
    -3.33831     0.00000    -0.00000
    -3.32431     0.00000    -0.00000
    -3.31131     0.00000    -0.00000
    -3.29731     0.00000    -0.00000
    -3.28431     0.00000    -0.00000
    -3.27031     0.00000    -0.00000
    -3.25731     0.00000    -0.00000
    -3.24431     0.00000    -0.00000
    -3.23031     0.00000    -0.00000
    -3.21731     0.00000    -0.00000
    -3.20331     0.00000    -0.00000
    -3.19031     0.00000    -0.00000
    -3.17631     0.00000    -0.00000
    -3.16331     0.00000    -0.00000
    -3.14931     0.00000    -0.00000
    -3.13631     0.00000    -0.00000
    -3.12231     0.00000    -0.00000
    -3.10931     0.00000    -0.00000
    -3.09631     0.00000    -0.00000
    -3.08231     0.00000    -0.00000
    -3.06931     0.00000    -0.00000
    -3.05531     0.00009    -0.00000
    -3.04231     0.00160    -0.00000
    -3.02831     0.01834    -0.00000
    -3.01531     0.14240    -0.00000
    -3.00131     0.74770    -0.00000
    -2.98831     2.65600    -0.00000
    -2.97431     6.38700    -0.00000
    -2.96131    10.40000    -0.00000
    -2.94731    11.48000    -0.00000
    -2.93431     8.58400    -0.00000
    -2.92131     4.34800    -0.00000
    -2.90731     1.49100    -0.00000
    -2.89431     0.34620    -0.00000
    -2.88031     0.05437    -0.00000
    -2.86731     0.00577    -0.00000
    -2.85331     0.00041    -0.00000
    -2.84031     0.00002    -0.00000
    -2.82631     0.00000    -0.00000
    -2.81331     0.00000    -0.00000
    -2.79931     0.00000    -0.00000
    -2.78631     0.00000    -0.00000
    -2.77231     0.00000    -0.00000
    -2.75931     0.00000    -0.00000
    -2.74631     0.00000    -0.00000
    -2.73231     0.00000    -0.00000
    -2.71931     0.00000     0.00000
    -2.70531     0.00000     0.00000
    -2.69231     0.00000     0.00000
    -2.67831     0.00000     0.00000
    -2.66531     0.00000     0.00000
    -2.65131     0.00000     0.00000
    -2.63831     0.00000     0.00000
    -2.62431     0.00000     0.00000
    -2.61131     0.00000     0.00000
    -2.59831     0.00000     0.00000
    -2.58431     0.00000     0.00000
    -2.57131     0.00000    -0.00000
    -2.55731     0.00000    -0.00000
    -2.54431     0.00000    -0.00000
    -2.53031     0.00000    -0.00000
    -2.51731     0.00000    -0.00000
    -2.50331     0.00000    -0.00000
    -2.49031     0.00000    -0.00000
    -2.47631     0.00000    -0.00000
    -2.46331     0.00000    -0.00000
    -2.44931     0.00000    -0.00000
    -2.43631     0.00000    -0.00000
    -2.42331     0.00000    -0.00000
    -2.40931     0.00000    -0.00000
    -2.39631     0.00000    -0.00000
    -2.38231     0.00000    -0.00000
    -2.36931     0.00000    -0.00000
    -2.35531     0.00000    -0.00000
    -2.34231     0.00000    -0.00000
    -2.32831     0.00000    -0.00000
    -2.31531     0.00000    -0.00000
    -2.30131     0.00000    -0.00000
    -2.28831     0.00000    -0.00000
    -2.27431     0.00000    -0.00000
    -2.26131     0.00000    -0.00000
    -2.24831     0.00000    -0.00000
    -2.23431     0.00000    -0.00000
    -2.22131     0.00000    -0.00000
    -2.20731     0.00000    -0.00000
    -2.19431     0.00000    -0.00000
    -2.18031     0.00000    -0.00000
    -2.16731     0.00000    -0.00000
    -2.15331     0.00000    -0.00000
    -2.14031     0.00000    -0.00000
    -2.12631     0.00000    -0.00000
    -2.11331     0.00000    -0.00000
    -2.09931     0.00000    -0.00000
    -2.08631     0.00000    -0.00000
    -2.07331     0.00000    -0.00000
    -2.05931     0.00000    -0.00000
    -2.04631     0.00000    -0.00000
    -2.03231     0.00000    -0.00000
    -2.01931     0.00000    -0.00000
    -2.00531     0.00000    -0.00000
    -1.99231     0.00000    -0.00000
    -1.97831     0.00000    -0.00000
    -1.96531     0.00000    -0.00000
    -1.95131     0.00000    -0.00000
    -1.93831     0.00000    -0.00000
    -1.92531     0.00000    -0.00000
    -1.91131     0.00000    -0.00000
    -1.89831     0.00000    -0.00000
    -1.88431     0.00000    -0.00000
    -1.87131     0.00000    -0.00000
    -1.85731     0.00000    -0.00000
    -1.84431     0.00004    -0.00000
    -1.83031     0.00056    -0.00000
    -1.81731     0.00589    -0.00000
    -1.80331     0.04159    -0.00000
    -1.79031     0.19860    -0.00000
    -1.77631     0.64180    -0.00000
    -1.76331     1.40400    -0.00000
    -1.75031     2.08100    -0.00000
    -1.73631     2.09000    -0.00000
    -1.72331     1.42200    -0.00000
    -1.70931     0.65520    -0.00000
    -1.69631     0.20450    -0.00000
    -1.68231     0.04318    -0.00000
    -1.66931     0.00617    -0.00000
    -1.65531     0.00060    -0.00000
    -1.64231     0.00004    -0.00000
    -1.62831     0.00000    -0.00000
    -1.61531     0.00000    -0.00000
    -1.60131     0.00000    -0.00000
    -1.58831     0.00000    -0.00000
    -1.57531     0.00000    -0.00000
    -1.56131     0.00000    -0.00000
    -1.54831     0.00000    -0.00000
    -1.53431     0.00000    -0.00000
    -1.52131     0.00000    -0.00000
    -1.50731     0.00000    -0.00000
    -1.49431     0.00000    -0.00000
    -1.48031     0.00000    -0.00000
    -1.46731     0.00000    -0.00000
    -1.45331     0.00000    -0.00000
    -1.44031     0.00000    -0.00000
    -1.42631     0.00000    -0.00000
    -1.41331     0.00000    -0.00000
    -1.40031     0.00000    -0.00000
    -1.38631     0.00000    -0.00000
    -1.37331     0.00000    -0.00000
    -1.35931     0.00000    -0.00000
    -1.34631     0.00000    -0.00000
    -1.33231     0.00000    -0.00000
    -1.31931     0.00000     0.00000
    -1.30531     0.00000     0.00000
    -1.29231     0.00000     0.00000
    -1.27831     0.00000     0.00000
    -1.26531     0.00000     0.00000
    -1.25231     0.00000     0.00000
    -1.23831     0.00000     0.00000
    -1.22531     0.00000     0.00000
    -1.21131     0.00000     0.00000
    -1.19831     0.00000     0.00000
    -1.18431     0.00000     0.00000
    -1.17131     0.00000     0.00000
    -1.15731     0.00000     0.00000
    -1.14431     0.00000     0.00000
    -1.13031     0.00000     0.00000
    -1.11731     0.00000     0.00000
    -1.10331     0.00000     0.00000
    -1.09031     0.00000     0.00000
    -1.07731     0.00000     0.00000
    -1.06331     0.00000     0.00000
    -1.05031     0.00000     0.00000
    -1.03631     0.00000     0.00000
    -1.02331     0.00000     0.00000
    -1.00931     0.00000     0.00000
    -0.99631     0.00000    -0.00000
    -0.98231     0.00000    -0.00000
    -0.96931     0.00000    -0.00000
    -0.95531     0.00000    -0.00000
    -0.94231     0.00000    -0.00000
    -0.92831     0.00000    -0.00000
    -0.91531     0.00000    -0.00000
    -0.90231     0.00000    -0.00000
    -0.88831     0.00000    -0.00000
    -0.87531     0.00000    -0.00000
    -0.86131     0.00000    -0.00000
    -0.84831     0.00000    -0.00000
    -0.83431     0.00000    -0.00000
    -0.82131     0.00000    -0.00000
    -0.80731     0.00000    -0.00000
    -0.79431     0.00000    -0.00000
    -0.78031     0.00000    -0.00000
    -0.76731     0.00000    -0.00000
    -0.75431     0.00000    -0.00000
    -0.74031     0.00000    -0.00000
    -0.72731     0.00000    -0.00002
    -0.71331     0.00000    -0.00029
    -0.70031     0.00000    -0.00303
    -0.68631     0.00000    -0.02143
    -0.67331     0.00000    -0.10240
    -0.65931     0.00000    -0.33100
    -0.64631     0.00000    -0.72470
    -0.63231     0.00000    -1.07500
    -0.61931     0.00000    -1.08000
    -0.60531     0.00000    -0.73500
    -0.59231     0.00000    -0.33890
    -0.57931     0.00000    -0.10580
    -0.56531     0.00000    -0.02236
    -0.55231     0.00000    -0.00319
    -0.53831     0.00000    -0.00031
    -0.52531     0.00000    -0.00002
    -0.51131     0.00000    -0.00000
    -0.49831     0.00000    -0.00000
    -0.48431     0.00000    -0.00000
    -0.47131     0.00000    -0.00000
    -0.45731     0.00000    -0.00000
    -0.44431     0.00000    -0.00000
    -0.43031     0.00000     0.00000
    -0.41731     0.00000     0.00000
    -0.40431     0.00000     0.00000
    -0.39031     0.00000     0.00000
    -0.37731     0.00000     0.00000
    -0.36331     0.00000     0.00000
    -0.35031     0.00000     0.00000
    -0.33631     0.00000     0.00000
    -0.32331     0.00000     0.00000
    -0.30931     0.00000    -0.00000
    -0.29631     0.00000    -0.00000
    -0.28231     0.00000    -0.00000
    -0.26931     0.00000    -0.00000
    -0.25531     0.00000    -0.00000
    -0.24231     0.00000    -0.00000
    -0.22931     0.00000    -0.00000
    -0.21531     0.00000    -0.00000
    -0.20231     0.00000    -0.00000
    -0.18831     0.00000    -0.00000
    -0.17531     0.00000    -0.00000
    -0.16131     0.00000    -0.00000
    -0.14831     0.00000    -0.00000
    -0.13431     0.00000    -0.00000
    -0.12131     0.00000    -0.00000
    -0.10731     0.00000    -0.00000
    -0.09431     0.00000    -0.00000
    -0.08131     0.00000    -0.00000
    -0.06731     0.00000    -0.00000
    -0.05431     0.00000    -0.00000
    -0.04031     0.00000    -0.00000
    -0.02731     0.00000    -0.00000
    -0.01331     0.00000    -0.00000
    -0.00031     0.00000    -0.00000
     0.01369     0.00000    -0.00000
     0.02669     0.00000    -0.00000
     0.04069     0.00000    -0.00000
     0.05369     0.00000     0.00000
     0.06769     0.00000     0.00000
     0.08069     0.00000     0.00000
     0.09369     0.00000     0.00000
     0.10769     0.00000     0.00000
     0.12069     0.00000     0.00000
     0.13469     0.00000     0.00000
     0.14769     0.00000     0.00000
     0.16169     0.00000     0.00000
     0.17469     0.00000     0.00000
     0.18869     0.00000     0.00000
     0.20169     0.00000     0.00000
     0.21569     0.00000     0.00000
     0.22869     0.00000     0.00000
     0.24269     0.00000     0.00000
     0.25569     0.00000     0.00000
     0.26869     0.00000     0.00000
     0.28269     0.00000     0.00000
     0.29569     0.00000     0.00000
     0.30969     0.00000     0.00000
     0.32269     0.00000    -0.00000
     0.33669     0.00000    -0.00000
     0.34969     0.00000    -0.00000
     0.36369     0.00000    -0.00000
     0.37669     0.00000    -0.00000
     0.39069     0.00000    -0.00000
     0.40369     0.00000    -0.00000
     0.41769     0.00000    -0.00000
     0.43069     0.00000    -0.00000
     0.44369     0.00000    -0.00000
     0.45769     0.00000    -0.00000
     0.47069     0.00000    -0.00000
     0.48469     0.00000    -0.00000
     0.49769     0.00000    -0.00000
     0.51169     0.00000    -0.00000
     0.52469     0.00000    -0.00000
     0.53869     0.00000    -0.00000
     0.55169     0.00000    -0.00000
     0.56569     0.00000    -0.00000
     0.57869     0.00000    -0.00000
     0.59169     0.00000    -0.00000
     0.60569     0.00000    -0.00000
     0.61869     0.00000    -0.00000
     0.63269     0.00000    -0.00000
     0.64569     0.00000    -0.00000
     0.65969     0.00000    -0.00000
     0.67269     0.00000    -0.00000
     0.68669     0.00000    -0.00000
     0.69969     0.00000    -0.00000
     0.71369     0.00000    -0.00000
     0.72669     0.00000    -0.00000
     0.74069     0.00000    -0.00000
     0.75369     0.00000    -0.00000
     0.76669     0.00000    -0.00000
     0.78069     0.00000    -0.00000
     0.79369     0.00000    -0.00000
     0.80769     0.00000    -0.00000
     0.82069     0.00000    -0.00000
     0.83469     0.00000    -0.00000
     0.84769     0.00000    -0.00000
     0.86169     0.00000    -0.00000
     0.87469     0.00000    -0.00000
     0.88869     0.00000    -0.00000
     0.90169     0.00000    -0.00000
     0.91569     0.00000    -0.00000
     0.92869     0.00000    -0.00000
     0.94169     0.00000    -0.00000
     0.95569     0.00000    -0.00000
     0.96869     0.00000    -0.00000
     0.98269     0.00000    -0.00000
     0.99569     0.00000    -0.00000
     1.00969     0.00000    -0.00000
     1.02269     0.00000    -0.00000
     1.03669     0.00000    -0.00000
     1.04969     0.00000    -0.00000
     1.06369     0.00000    -0.00000
     1.07669     0.00000    -0.00000
     1.09069     0.00000     0.00000
     1.10369     0.00000     0.00000
     1.11669     0.00000     0.00000
     1.13069     0.00000     0.00000
     1.14369     0.00000     0.00000
     1.15769     0.00000     0.00000
     1.17069     0.00000     0.00000
     1.18469     0.00000     0.00000
     1.19769     0.00000     0.00000
     1.21169     0.00000     0.00000
     1.22469     0.00000     0.00000
     1.23869     0.00000     0.00000
     1.25169     0.00000     0.00000
     1.26469     0.00000    -0.00000
     1.27869     0.00000    -0.00000
     1.29169     0.00000    -0.00000
     1.30569     0.00000    -0.00000
     1.31869     0.00000    -0.00000
     1.33269     0.00000    -0.00001
     1.34569     0.00000    -0.00021
     1.35969     0.00000    -0.00317
     1.37269     0.00000    -0.03286
     1.38669     0.00000    -0.23020
     1.39969     0.00000    -1.09100
     1.41369     0.00000    -3.49800
     1.42669     0.00000    -7.59500
     1.43969     0.00000   -11.17000
     1.45369     0.00000   -11.13000
     1.46669     0.00000    -7.51500
     1.48069     0.00000    -3.43700
     1.49369     0.00000    -1.06400
     1.50769     0.00000    -0.22300
     1.52069     0.00000    -0.03161
     1.53469     0.00000    -0.00303
     1.54769     0.00000    -0.00020
     1.56169     0.00000    -0.00001
     1.57469     0.00000    -0.00000
     1.58869     0.00000    -0.00000
     1.60169     0.00000    -0.00000
     1.61469     0.00000    -0.00000
     1.62869     0.00000    -0.00000
     1.64169     0.00000    -0.00000
     1.65569     0.00000    -0.00000
     1.66869     0.00000    -0.00000
     1.68269     0.00000    -0.00000
     1.69569     0.00000    -0.00000
     1.70969     0.00000    -0.00000
     1.72269     0.00000    -0.00000
     1.73669     0.00000    -0.00000
     1.74969     0.00000    -0.00000
     1.76269     0.00000    -0.00000
     1.77669     0.00000    -0.00000
     1.78969     0.00000    -0.00000
     1.80369     0.00000    -0.00000
     1.81669     0.00000    -0.00000
     1.83069     0.00000    -0.00000
     1.84369     0.00000    -0.00000
     1.85769     0.00000    -0.00000
     1.87069     0.00000    -0.00000
     1.88469     0.00000    -0.00000
     1.89769     0.00000    -0.00000
     1.91169     0.00000    -0.00000
     1.92469     0.00000    -0.00000
     1.93769     0.00000    -0.00000
     1.95169     0.00000    -0.00000
     1.96469     0.00000    -0.00000
     1.97869     0.00000    -0.00000
     1.99169     0.00000    -0.00000
     2.00569     0.00000    -0.00000
     2.01869     0.00000    -0.00000
     2.03269     0.00000    -0.00000
     2.04569     0.00000    -0.00000
     2.05969     0.00000    -0.00000
     2.07269     0.00000    -0.00000
     2.08669     0.00000    -0.00000
     2.09969     0.00000    -0.00000
     2.11269     0.00000    -0.00000
     2.12669     0.00000    -0.00000
     2.13969     0.00000    -0.00000
     2.15369     0.00000    -0.00000
     2.16669     0.00000    -0.00000
     2.18069     0.00000    -0.00000
     2.19369     0.00000    -0.00000
     2.20769     0.00000    -0.00000
     2.22069     0.00000    -0.00000
     2.23469     0.00000    -0.00000
     2.24769     0.00000    -0.00000
     2.26169     0.00000    -0.00000
     2.27469     0.00000    -0.00000
     2.28769     0.00000    -0.00000
     2.30169     0.00000    -0.00000
     2.31469     0.00000    -0.00000
     2.32869     0.00000    -0.00000
     2.34169     0.00000    -0.00000
     2.35569     0.00000    -0.00000
     2.36869     0.00000    -0.00000
     2.38269     0.00000    -0.00000
     2.39569     0.00000    -0.00000
     2.40969     0.00000    -0.00000
     2.42269     0.00000    -0.00000
     2.43569     0.00000    -0.00000
     2.44969     0.00000    -0.00000
     2.46269     0.00000    -0.00000
     2.47669     0.00000    -0.00000
     2.48969     0.00000    -0.00000
     2.50369     0.00000    -0.00000
     2.51669     0.00000    -0.00000
     2.53069     0.00000    -0.00000
     2.54369     0.00000    -0.00000
     2.55769     0.00000    -0.00000
     2.57069     0.00000    -0.00000
     2.58469     0.00000    -0.00000
     2.59769     0.00000    -0.00000
     2.61069     0.00000    -0.00000
     2.62469     0.00000    -0.00000
     2.63769     0.00000    -0.00000
     2.65169     0.00000    -0.00000
     2.66469     0.00000    -0.00000
     2.67869     0.00000    -0.00000
     2.69169     0.00000    -0.00000
     2.70569     0.00000    -0.00000
     2.71869     0.00000    -0.00000
     2.73269     0.00000    -0.00000
     2.74569     0.00000    -0.00000
     2.75969     0.00000    -0.00000
     2.77269     0.00000    -0.00000
     2.78569     0.00000    -0.00000
     2.79969     0.00002    -0.00001
     2.81269     0.00015    -0.00010
     2.82669     0.00095    -0.00082
     2.83969     0.00397    -0.00472
     2.85369     0.01128    -0.01832
     2.86669     0.02170    -0.04820
     2.88069     0.02826    -0.08587
     2.89369     0.02495    -0.10360
     2.90769     0.01492    -0.08474
     2.92069     0.00604    -0.04695
     2.93469     0.00166    -0.01761
     2.94769     0.00031    -0.00447
     2.96069     0.00004    -0.00077
     2.97469     0.00000    -0.00009
     2.98769     0.00000    -0.00001
     3.00169     0.00000    -0.00000
     3.01469     0.00000    -0.00000
     3.02869     0.00000    -0.00000
     3.04169     0.00000    -0.00000
     3.05569     0.00000    -0.00000
     3.06869     0.00000    -0.00000
     3.08269     0.00000    -0.00001
     3.09569     0.00000    -0.00006
     3.10869     0.00000    -0.00027
     3.12269     0.00004    -0.00078
     3.13569     0.00018    -0.00155
     3.14969     0.00062    -0.00208
     3.16269     0.00145    -0.00188
     3.17669     0.00230    -0.00116
     3.18969     0.00249    -0.00049
     3.20369     0.00200    -0.00021
     3.21669     0.00203    -0.00040
     3.23069     0.00448    -0.00136
     3.24369     0.01065    -0.00334
     3.25769     0.02050    -0.00556
     3.27069     0.03801    -0.00627
     3.28369     0.07964    -0.00479
     3.29769     0.15660    -0.00249
     3.31069     0.23290    -0.00091
     3.32469     0.24130    -0.00032
     3.33769     0.17040    -0.00027
     3.35169     0.08166    -0.00051
     3.36469     0.02651    -0.00255
     3.37869     0.00582    -0.01652
     3.39169     0.00087    -0.07930
     3.40569     0.00009    -0.25970
     3.41869     0.00001    -0.57640
     3.43269     0.00000    -0.86640
     3.44569     0.00000    -0.88250
     3.45869     0.00000    -0.60890
     3.47269     0.00000    -0.28460
     3.48569     0.00000    -0.09010
     3.49969     0.00000    -0.01930
     3.51269     0.00000    -0.00280
     3.52669     0.00000    -0.00027
     3.53969     0.00000    -0.00002
     3.55369     0.00000    -0.00000
     3.56669     0.00000    -0.00000
     3.58069     0.00000    -0.00000
     3.59369     0.00000    -0.00000
     3.60769     0.00000    -0.00000
     3.62069     0.00000    -0.00004
     3.63369     0.00003    -0.00025
     3.64769     0.00014    -0.00112
     3.66069     0.00049    -0.00337
     3.67469     0.00113    -0.00686
     3.68769     0.00176    -0.00945
     3.70169     0.00186    -0.00882
     3.71469     0.00133    -0.00558
     3.72869     0.00065    -0.00239
     3.74169     0.00021    -0.00069
     3.75569     0.00005    -0.00014
     3.76869     0.00001    -0.00002
     3.78169     0.00000    -0.00001
     3.79569     0.00003    -0.00004
     3.80869     0.00013    -0.00019
     3.82269     0.00041    -0.00066
     3.83569     0.00091    -0.00153
     3.84969     0.00136    -0.00239
     3.86269     0.00138    -0.00254
     3.87669     0.00095    -0.00183
     3.88969     0.00044    -0.00089
     3.90369     0.00014    -0.00030
     3.91669     0.00006    -0.00011
     3.93069     0.00011    -0.00018
     3.94369     0.00029    -0.00048
     3.95669     0.00056    -0.00090
     3.97069     0.00082    -0.00118
     3.98369     0.00161    -0.00110
     3.99769     0.00568    -0.00086
     4.01069     0.01883    -0.00086
     4.02469     0.04432    -0.00155
     4.03769     0.07105    -0.00372
     4.05169     0.07723    -0.00771
     4.06469     0.05687    -0.01155
     4.07869     0.02837    -0.01191
     4.09169     0.00958    -0.00835
     4.10569     0.00219    -0.00397
     4.11869     0.00034    -0.00128
     4.13169     0.00004    -0.00028
     4.14569     0.00000    -0.00004
     4.15869     0.00000    -0.00000
     4.17269     0.00000    -0.00000
     4.18569     0.00000    -0.00000
     4.19969     0.00000    -0.00000
     4.21269     0.00000    -0.00000
     4.22669     0.00000    -0.00000
     4.23969     0.00000    -0.00000
     4.25369     0.00000    -0.00000
     4.26669     0.00000     0.00000
     4.27969     0.00000     0.00000
     4.29369     0.00000     0.00000
     4.30669     0.00000     0.00000
     4.32069     0.00000     0.00000
     4.33369     0.00000     0.00000
     4.34769     0.00000     0.00000
     4.36069     0.00000     0.00000
     4.37469     0.00000     0.00000
     4.38769     0.00000     0.00000
     4.40169     0.00000     0.00000
     4.41469     0.00000     0.00000
     4.42869     0.00000     0.00000
     4.44169     0.00000     0.00000
     4.45469     0.00000     0.00000
     4.46869     0.00000     0.00000
     4.48169     0.00000     0.00000
     4.49569     0.00000     0.00000
     4.50869     0.00000     0.00000
     4.52269     0.00000     0.00000
     4.53569     0.00000     0.00000
     4.54969     0.00000     0.00000
     4.56269     0.00000     0.00000
     4.57669     0.00000     0.00000
     4.58969     0.00000     0.00000
     4.60369     0.00000     0.00000
     4.61669     0.00000     0.00000
     4.62969     0.00000     0.00000
     4.64369     0.00000     0.00000
     4.65669     0.00000     0.00000
     4.67069     0.00000     0.00000
     4.68369     0.00000     0.00000
     4.69769     0.00000     0.00000
     4.71069     0.00000     0.00000
     4.72469     0.00000     0.00000
     4.73769     0.00000     0.00000
     4.75169     0.00000     0.00000
     4.76469     0.00000     0.00000
     4.77869     0.00000     0.00000
     4.79169     0.00000     0.00000
     4.80469     0.00000     0.00000
     4.81869     0.00000     0.00000
     4.83169     0.00000     0.00000
     4.84569     0.00000     0.00000
     4.85869     0.00000     0.00000
     4.87269     0.00000     0.00000
     4.88569     0.00000     0.00000
     4.89969     0.00000     0.00000
     4.91269     0.00000     0.00000
     4.92669     0.00000     0.00000
     4.93969     0.00000     0.00000
     4.95269     0.00000     0.00000
     4.96669     0.00000     0.00000
     4.97969     0.00000     0.00000
     4.99369     0.00000     0.00000
     5.00669     0.00000     0.00000
     5.02069     0.00000     0.00000
     5.03369     0.00000     0.00000
     5.04769     0.00000     0.00000
     5.06069     0.00000     0.00000
     5.07469     0.00000     0.00000
     5.08769     0.00000     0.00000
     5.10169     0.00000     0.00000
     5.11469     0.00000     0.00000
     5.12769     0.00000     0.00000
     5.14169     0.00000     0.00000
     5.15469     0.00000     0.00000
     5.16869     0.00000     0.00000
     5.18169     0.00000     0.00000
     5.19569     0.00000     0.00000
     5.20869     0.00000     0.00000
     5.22269     0.00000     0.00000
     5.23569     0.00000     0.00000
     5.24969     0.00000     0.00000
     5.26269     0.00000     0.00000
     5.27669     0.00000     0.00000
     5.28969     0.00000     0.00000
